name: kraken
channels:
  - conda-forge
  - bioconda
  - defaults
dependencies:
  - _libgcc_mutex=0.1=conda_forge
  - _openmp_mutex=4.5=2_gnu
  - blast=2.12.0=hf3cf87c_4
  - bzip2=1.0.8=h7f98852_4
  - c-ares=1.18.1=h7f98852_0
  - ca-certificates=2022.4.26=h06a4308_0
  - curl=7.83.1=h2283fc2_0
  - entrez-direct=16.2=he881be0_0
  - gettext=0.21.0=hf68c758_0
  - icu=70.1=h27087fc_0
  - keyutils=1.6.1=h166bdaf_0
  - kraken2=2.1.2=pl5321h9f5acd7_2
  - krb5=1.19.3=h08a2579_0
  - libcurl=7.83.1=h2283fc2_0
  - libedit=3.1.20210910=h7f8727e_0
  - libev=4.33=h516909a_1
  - libgcc-ng=12.1.0=h8d9b700_16
  - libgomp=12.1.0=h8d9b700_16
  - libiconv=1.16=h516909a_0
  - libidn2=2.3.2=h7f98852_0
  - libnghttp2=1.47.0=he49606f_0
  - libnsl=2.0.0=h7f98852_0
  - libssh2=1.10.0=ha35d2d1_2
  - libstdcxx-ng=12.1.0=ha89aaad_16
  - libunistring=0.9.10=h7f98852_0
  - libxml2=2.9.14=h22db469_0
  - libzlib=1.2.11=h166bdaf_1014
  - lz4-c=1.9.3=h9c3ff4c_1
  - ncurses=6.3=h27087fc_1
  - openssl=3.0.3=h166bdaf_0
  - pcre=8.45=h9c3ff4c_0
  - perl=5.32.1=2_h7f98852_perl5
  - perl-archive-tar=2.40=pl5321hdfd78af_0
  - perl-carp=1.50=pl5321hd8ed1ab_0
  - perl-common-sense=3.75=pl5321hdfd78af_0
  - perl-compress-raw-bzip2=2.103=pl5321h87f3376_0
  - perl-compress-raw-zlib=2.103=pl5321h87f3376_0
  - perl-encode=3.17=pl5321hec16e2b_0
  - perl-exporter=5.74=pl5321hd8ed1ab_0
  - perl-exporter-tiny=1.002002=pl5321hdfd78af_0
  - perl-extutils-makemaker=7.64=pl5321hd8ed1ab_0
  - perl-io-compress=2.106=pl5321h87f3376_0
  - perl-io-zlib=1.11=pl5321hdfd78af_0
  - perl-json=4.05=pl5321hdfd78af_0
  - perl-json-xs=2.34=pl5321h9f5acd7_5
  - perl-list-moreutils=0.430=pl5321hdfd78af_0
  - perl-list-moreutils-xs=0.430=pl5321hec16e2b_1
  - perl-parent=0.238=pl5321hd8ed1ab_0
  - perl-pathtools=3.75=pl5321hec16e2b_3
  - perl-scalar-list-utils=1.62=pl5321hec16e2b_0
  - perl-types-serialiser=1.01=pl5321hdfd78af_0
  - popt=1.16=1
  - rsync=3.2.3=ha014df6_3
  - tar=1.34=ha1f6473_0
  - wget=1.20.3=ha35d2d1_1
  - xxhash=0.8.0=h7f98852_3
  - xz=5.2.5=h516909a_1
  - zlib=1.2.11=h166bdaf_1014
  - zstd=1.5.2=h8a70e8d_1
prefix: /panfs/roles/anaconda3/envs/kraken
